[mtx] 943695 x 943695, 39297771 entries (symmetric, will mirror)
[mtx] 77651847 nonzeros after expansion
[topo] SETUP: walking hwloc tree and gathering ancestors
[topo] detected 24 cores across topology
[topo] cpu_map: 0→CPU0 1→CPU2 2→CPU4 3→CPU6 4→CPU8 5→CPU10 6→CPU12 7→CPU14 8→CPU16 9→CPU18 10→CPU20 11→CPU22 12→CPU1 13→CPU3 14→CPU5 15→CPU7 16→CPU9 17→CPU11 18→CPU13 19→CPU15 20→CPU17 21→CPU19 22→CPU21 23→CPU23 
[TOPOSTEAL] PMU Sampler Thread started.
================================================================
  TopoSteal SpMV Benchmark
================================================================
Matrix: audikw_1/audikw_1.mtx (943695 rows, 77651847 nnz)
Tasks: 19 (50000 rows/task) | Outer reps: 20 | Trials: 5
Workers: 24 | PMU: yes
================================================================


Distance matrix (24 cores):
     C0   C1   C2   C3   C4   C5   C6   C7   C8   C9   C10  C11  C12  C13  C14  C15  C16  C17  C18  C19  C20  C21  C22  C23  
C0   0    4    4    4    4    4    4    4    4    4    4    4    10   10   10   10   10   10   10   10   10   10   10   10   
C1   4    0    4    4    4    4    4    4    4    4    4    4    10   10   10   10   10   10   10   10   10   10   10   10   
C2   4    4    0    4    4    4    4    4    4    4    4    4    10   10   10   10   10   10   10   10   10   10   10   10   
C3   4    4    4    0    4    4    4    4    4    4    4    4    10   10   10   10   10   10   10   10   10   10   10   10   
C4   4    4    4    4    0    4    4    4    4    4    4    4    10   10   10   10   10   10   10   10   10   10   10   10   
C5   4    4    4    4    4    0    4    4    4    4    4    4    10   10   10   10   10   10   10   10   10   10   10   10   
C6   4    4    4    4    4    4    0    4    4    4    4    4    10   10   10   10   10   10   10   10   10   10   10   10   
C7   4    4    4    4    4    4    4    0    4    4    4    4    10   10   10   10   10   10   10   10   10   10   10   10   
C8   4    4    4    4    4    4    4    4    0    4    4    4    10   10   10   10   10   10   10   10   10   10   10   10   
C9   4    4    4    4    4    4    4    4    4    0    4    4    10   10   10   10   10   10   10   10   10   10   10   10   
C10  4    4    4    4    4    4    4    4    4    4    0    4    10   10   10   10   10   10   10   10   10   10   10   10   
C11  4    4    4    4    4    4    4    4    4    4    4    0    10   10   10   10   10   10   10   10   10   10   10   10   
C12  10   10   10   10   10   10   10   10   10   10   10   10   0    4    4    4    4    4    4    4    4    4    4    4    
C13  10   10   10   10   10   10   10   10   10   10   10   10   4    0    4    4    4    4    4    4    4    4    4    4    
C14  10   10   10   10   10   10   10   10   10   10   10   10   4    4    0    4    4    4    4    4    4    4    4    4    
C15  10   10   10   10   10   10   10   10   10   10   10   10   4    4    4    0    4    4    4    4    4    4    4    4    
C16  10   10   10   10   10   10   10   10   10   10   10   10   4    4    4    4    0    4    4    4    4    4    4    4    
C17  10   10   10   10   10   10   10   10   10   10   10   10   4    4    4    4    4    0    4    4    4    4    4    4    
C18  10   10   10   10   10   10   10   10   10   10   10   10   4    4    4    4    4    4    0    4    4    4    4    4    
C19  10   10   10   10   10   10   10   10   10   10   10   10   4    4    4    4    4    4    4    0    4    4    4    4    
C20  10   10   10   10   10   10   10   10   10   10   10   10   4    4    4    4    4    4    4    4    0    4    4    4    
C21  10   10   10   10   10   10   10   10   10   10   10   10   4    4    4    4    4    4    4    4    4    0    4    4    
C22  10   10   10   10   10   10   10   10   10   10   10   10   4    4    4    4    4    4    4    4    4    4    0    4    
C23  10   10   10   10   10   10   10   10   10   10   10   10   4    4    4    4    4    4    4    4    4    4    4    0    

  Mode             Time(s)   GFLOP/s  Steals(L/R)
  ----             -------   -------  -----------

--- Trial 1/5 ---
  Uniform           0.4598     6.755  212/154
  TopoStatic        0.4242     7.323  299/67
  Topo+PMU          0.4131     7.520  289/76
  OpenMP(static)    0.4417     7.032  -

--- Trial 2/5 ---
  Uniform           0.4502     6.899  183/181
  TopoStatic        0.4168     7.452  301/65
  Topo+PMU          0.4114     7.550  291/73
  OpenMP(static)    0.4409     7.044  -

--- Trial 3/5 ---
  Uniform           0.4606     6.744  185/181
  TopoStatic        0.4205     7.387  294/70
  Topo+PMU          0.4248     7.311  287/76
  OpenMP(static)    0.4454     6.973  -

--- Trial 4/5 ---
  Uniform           0.4420     7.027  191/179
  TopoStatic        0.3991     7.783  303/62
  Topo+PMU          0.4101     7.573  280/85
  OpenMP(static)    0.4385     7.083  -

--- Trial 5/5 ---
  Uniform           0.4529     6.858  181/188
  TopoStatic        0.4231     7.342  313/52
  Topo+PMU          0.4219     7.362  287/77
  OpenMP(static)    0.4259     7.294  -

================================================================
  Summary (mean of 5 trials)
================================================================
  Uniform           0.4531 s     6.857 GFLOP/s
  TopoStatic        0.4167 s     7.457 GFLOP/s
  Topo+PMU          0.4163 s     7.463 GFLOP/s
  OpenMP(static)    0.4385 s     7.085 GFLOP/s

  Speedup vs Uniform:
    TopoStatic:    1.09x
    Topo+PMU:      1.09x
    OpenMP:        1.03x
  TopoSteal vs OpenMP: 1.05x

Results written to spmv_results.csv
[TOPOSTEAL] PMU Sampler Thread stopped.

================================================================
  SpMV benchmark complete.
================================================================
