[mtx] 1228045 x 1228045, 4904179 entries (symmetric, will mirror)
[mtx] 8580313 nonzeros after expansion
[topo] SETUP: walking hwloc tree and gathering ancestors
[topo] detected 24 cores across topology
[topo] cpu_map: 0→CPU0 1→CPU2 2→CPU4 3→CPU6 4→CPU8 5→CPU10 6→CPU12 7→CPU14 8→CPU16 9→CPU18 10→CPU20 11→CPU22 12→CPU1 13→CPU3 14→CPU5 15→CPU7 16→CPU9 17→CPU11 18→CPU13 19→CPU15 20→CPU17 21→CPU19 22→CPU21 23→CPU23 
[TOPOSTEAL] PMU Sampler Thread started.
================================================================
  TopoSteal SpMV Benchmark
================================================================
Matrix: thermal2/thermal2.mtx (1228045 rows, 8580313 nnz)
Tasks: 25 (50000 rows/task) | Outer reps: 20 | Trials: 5
Workers: 24 | PMU: yes
================================================================


Distance matrix (24 cores):
     C0   C1   C2   C3   C4   C5   C6   C7   C8   C9   C10  C11  C12  C13  C14  C15  C16  C17  C18  C19  C20  C21  C22  C23  
C0   0    4    4    4    4    4    4    4    4    4    4    4    10   10   10   10   10   10   10   10   10   10   10   10   
C1   4    0    4    4    4    4    4    4    4    4    4    4    10   10   10   10   10   10   10   10   10   10   10   10   
C2   4    4    0    4    4    4    4    4    4    4    4    4    10   10   10   10   10   10   10   10   10   10   10   10   
C3   4    4    4    0    4    4    4    4    4    4    4    4    10   10   10   10   10   10   10   10   10   10   10   10   
C4   4    4    4    4    0    4    4    4    4    4    4    4    10   10   10   10   10   10   10   10   10   10   10   10   
C5   4    4    4    4    4    0    4    4    4    4    4    4    10   10   10   10   10   10   10   10   10   10   10   10   
C6   4    4    4    4    4    4    0    4    4    4    4    4    10   10   10   10   10   10   10   10   10   10   10   10   
C7   4    4    4    4    4    4    4    0    4    4    4    4    10   10   10   10   10   10   10   10   10   10   10   10   
C8   4    4    4    4    4    4    4    4    0    4    4    4    10   10   10   10   10   10   10   10   10   10   10   10   
C9   4    4    4    4    4    4    4    4    4    0    4    4    10   10   10   10   10   10   10   10   10   10   10   10   
C10  4    4    4    4    4    4    4    4    4    4    0    4    10   10   10   10   10   10   10   10   10   10   10   10   
C11  4    4    4    4    4    4    4    4    4    4    4    0    10   10   10   10   10   10   10   10   10   10   10   10   
C12  10   10   10   10   10   10   10   10   10   10   10   10   0    4    4    4    4    4    4    4    4    4    4    4    
C13  10   10   10   10   10   10   10   10   10   10   10   10   4    0    4    4    4    4    4    4    4    4    4    4    
C14  10   10   10   10   10   10   10   10   10   10   10   10   4    4    0    4    4    4    4    4    4    4    4    4    
C15  10   10   10   10   10   10   10   10   10   10   10   10   4    4    4    0    4    4    4    4    4    4    4    4    
C16  10   10   10   10   10   10   10   10   10   10   10   10   4    4    4    4    0    4    4    4    4    4    4    4    
C17  10   10   10   10   10   10   10   10   10   10   10   10   4    4    4    4    4    0    4    4    4    4    4    4    
C18  10   10   10   10   10   10   10   10   10   10   10   10   4    4    4    4    4    4    0    4    4    4    4    4    
C19  10   10   10   10   10   10   10   10   10   10   10   10   4    4    4    4    4    4    4    0    4    4    4    4    
C20  10   10   10   10   10   10   10   10   10   10   10   10   4    4    4    4    4    4    4    4    0    4    4    4    
C21  10   10   10   10   10   10   10   10   10   10   10   10   4    4    4    4    4    4    4    4    4    0    4    4    
C22  10   10   10   10   10   10   10   10   10   10   10   10   4    4    4    4    4    4    4    4    4    4    0    4    
C23  10   10   10   10   10   10   10   10   10   10   10   10   4    4    4    4    4    4    4    4    4    4    4    0    

  Mode             Time(s)   GFLOP/s  Steals(L/R)
  ----             -------   -------  -----------

--- Trial 1/5 ---
  Uniform           0.0801     4.284  232/233
  TopoStatic        0.0796     4.312  373/92
  Topo+PMU          0.0797     4.307  358/110
  OpenMP(static)    0.0780     4.399  -

--- Trial 2/5 ---
  Uniform           0.0794     4.324  232/233
  TopoStatic        0.0804     4.267  367/100
  Topo+PMU          0.0789     4.352  347/124
  OpenMP(static)    0.0776     4.423  -

--- Trial 3/5 ---
  Uniform           0.0785     4.373  227/241
  TopoStatic        0.0804     4.266  380/84
  Topo+PMU          0.0781     4.395  347/116
  OpenMP(static)    0.0776     4.423  -

--- Trial 4/5 ---
  Uniform           0.0788     4.355  239/224
  TopoStatic        0.0788     4.356  391/72
  Topo+PMU          0.0781     4.397  332/134
  OpenMP(static)    0.0775     4.427  -

--- Trial 5/5 ---
  Uniform           0.0796     4.311  230/237
  TopoStatic        0.0800     4.291  398/64
  Topo+PMU          0.0788     4.357  363/104
  OpenMP(static)    0.0776     4.422  -

================================================================
  Summary (mean of 5 trials)
================================================================
  Uniform           0.0793 s     4.329 GFLOP/s
  TopoStatic        0.0799 s     4.298 GFLOP/s
  Topo+PMU          0.0787 s     4.362 GFLOP/s
  OpenMP(static)    0.0777 s     4.419 GFLOP/s

  Speedup vs Uniform:
    TopoStatic:    0.99x
    Topo+PMU:      1.01x
    OpenMP:        1.02x
  TopoSteal vs OpenMP: 0.97x

Results written to spmv_results.csv
[TOPOSTEAL] PMU Sampler Thread stopped.

================================================================
  SpMV benchmark complete.
================================================================
